Linear,1,103528.140292,-348.118848,-7474.524913,-6740.956168,0.000000 ,100000,100000
Linear,2,108788.099306,-1247.070740,-7886.116793,-4723.507598,-181.800000,100000,100000
Linear,3,0.000000,0.000000,0.000000,0.000000,0.000000,100000,100000
Linear,4,96429.244871,-15392.501861,0.000000,0.000000,0.000000,100000,100000
Linear,5,106976.872691,-9367.697852,-7110.456699,0.000000,0.000000,100000,100000
OUT,25.000000,1.000000,0.000000,0.000000,0.000000,0.000000
OUT,24.000000,0.000000,0.000000,0.000000,0.000000,0.000000
Loop,0,0
Linear,6,81331.262227,-24076.384911,-7109.999933,-0.000000,0.000000,100000,100000
Linear,7.000000,0.000000,0.000000,0.000000,0.000000,0.000000,100000,100000
Check,25,1,0,0,0,0,0
Linear,9.760667,106976.872691,-9367.697852,-7110.456699,0.000000,0.000000,100000,100000
OUT,24.000000,1.000000,0.000000,0.000000,0.000000,0.000000
OUT,25.000000,0.000000,0.000000,0.000000,0.000000,0.000000
Linear,0.000000,0.000000,0.000000,0.000000,0.000000,0.000000,100000,100000
Linear,10.422887,103528.140292,-348.118848,-7474.524913,-6740.956168,0.000000,100000,100000
Linear,11.813545,108788.099306,-1247.070740,-7886.116793,-4723.507598,-181.800000,100000,100000
OUT,25.000000,1.000000,0.000000,0.000000,0.000000,0.000000
OUT,24.000000,0.000000,0.000000,0.000000,0.000000,0.000000
CheckDone,0
Linear,12.000000,0.000000,0.000000,0.000000,0.000000,0.000000,100000,100000